!TheSky Version 10.5.0 Build 13572 (64 bit)
ASCOM Mount
:NODA
:EQUAT
+39 00 26 2024 7 14 29.20 987.00 231.65  0.94 0.5500 0.0065
21 43 18.4460 +72 29 08.368 09 28 59.9527 +109 20 06.469  16 23.130 
23 46 02.2988 +77 38 38.725 11 26 17.6308 +104 03 28.734  16 24.711 
23 10 44.0556 +75 30 19.237 10 52 51.6674 +106 15 10.121  16 26.000 
09 58 30.6194 +81 07 54.001 09 23 55.5985 +82 59 13.276  16 27.253 
11 34 22.1631 +80 08 32.927 11 09 23.9204 +81 53 51.875  16 28.403 
13 00 11.0207 +77 29 21.037 12 40 58.8650 +79 02 25.612  16 28.824 
11 41 28.4350 +71 52 06.049 11 18 33.1371 +73 36 45.114  16 29.217 
12 44 28.9104 +68 53 41.696 12 23 44.2715 +70 29 55.289  16 29.590 
12 11 09.2363 +64 59 00.536 11 49 25.6843 +66 40 33.211  16 29.922 
13 03 04.3462 +62 27 49.310 12 42 25.1716 +64 01 23.885  16 30.320 
13 58 16.2235 +63 57 44.844 13 38 39.1395 +65 21 14.837  16 30.692 
14 55 14.8580 +66 55 30.759 14 36 39.4546 +68 07 12.118  16 31.066 
15 19 41.9451 +59 46 52.712 15 00 16.8407 +60 53 21.968  16 31.383 
15 19 01.7646 +54 40 04.716 14 59 06.3897 +55 38 18.059  16 31.684 
14 56 45.2229 +46 26 43.852 14 36 09.7038 +47 29 42.670  16 32.005 
14 29 43.3462 +47 41 35.858 14 09 05.0833 +49 00 28.165  16 32.317 
14 15 35.7700 +55 39 00.275 13 55 22.1512 +57 00 43.852  16 32.705 
13 45 06.6133 +56 13 18.497 13 24 37.1385 +57 40 49.854  16 33.016 
13 05 29.8514 +52 27 41.449 12 44 22.6265 +54 02 21.637  16 33.354 
13 31 57.8043 +47 40 01.659 13 10 56.6631 +49 10 38.027  16 33.727 
13 55 16.5399 +40 07 03.039 13 34 06.6729 +41 33 24.926  16 34.043 
14 13 51.4620 +36 42 44.138 13 52 38.0717 +37 56 05.198  16 34.359 
13 52 12.1704 +31 42 14.615 13 30 43.4148 +33 00 41.226  16 34.693 
13 34 17.8444 +32 20 51.316 13 12 46.0014 +33 52 15.036  16 36.732 
13 09 57.7036 +37 22 48.378 12 48 26.7267 +38 58 39.202  16 37.051 
12 48 49.5603 +35 04 21.096 12 27 10.0427 +36 43 44.646  16 37.363 
12 33 14.8643 +42 48 02.866 12 11 35.5206 +44 29 40.993  16 37.707 
12 42 39.0135 +44 23 31.524 12 21 05.3650 +46 03 29.301  16 38.061 
11 57 37.4977 +47 35 11.064 11 35 36.8073 +49 21 06.991  16 38.395 
11 16 09.1621 +43 45 15.936 10 53 50.5537 +45 34 57.396  16 38.729 
10 49 24.6009 +44 31 46.875 10 26 54.8039 +46 22 52.806  16 39.350 
10 57 57.5228 +49 56 22.607 10 35 15.2287 +51 46 54.481  16 40.540 
10 21 38.7197 +51 52 55.787 09 58 23.9297 +53 44 44.343  16 40.871 
10 32 23.5498 +59 11 05.693 10 08 35.4586 +61 02 17.476  16 41.283 
10 25 40.4501 +66 49 52.049 10 00 29.2547 +68 40 58.433  16 41.625 
10 18 38.8027 +73 15 20.160 09 51 14.6610 +75 06 22.677  16 41.974 
08 47 31.4665 +72 00 49.698 08 17 26.9601 +73 49 12.784  16 42.409 
12 25 36.4561 +56 27 49.945 12 03 51.9722 +58 09 20.239  16 43.038 
11 45 05.8831 +35 36 31.057 11 23 07.8058 +37 15 16.546  16 43.429 
11 41 23.4275 +29 38 25.388 11 19 29.9981 +31 18 14.548  16 43.733 
12 03 02.1884 +28 29 50.703 11 41 13.3632 +30 07 34.699  16 44.076 
12 36 37.9932 +25 03 03.246 12 14 52.5852 +26 36 28.411  16 44.404 
12 45 51.1070 +25 26 09.107 12 24 07.0915 +26 57 53.809  16 44.696 
13 17 00.6757 +19 53 45.710 12 55 14.0857 +21 21 15.945  16 45.017 
13 32 24.8982 +22 00 46.494 13 10 40.1881 +23 25 29.570  16 45.316 
14 07 54.9462 +18 33 45.007 13 46 06.6159 +19 52 13.080  16 45.643 
14 13 01.1773 +23 34 30.978 13 51 19.8905 +25 01 12.031  16 45.950 
14 45 12.9157 +20 02 35.090 14 23 27.1793 +21 13 32.098  16 46.273 
14 40 15.6857 +13 36 42.478 14 18 17.5784 +14 49 14.778  16 46.576 
15 13 34.0802 +11 41 36.998 14 51 30.9395 +12 47 25.420  16 46.901 
15 29 27.6891 +04 08 20.079 15 07 07.8525 +05 11 19.731  16 47.207 
15 48 41.4279 +09 05 06.515 15 26 29.7041 +10 12 50.576  16 47.518 
16 12 02.5397 +05 57 29.636 15 49 43.9188 +06 52 36.239  16 47.838 
15 57 44.6395 +01 00 56.361 15 35 17.7333 +01 58 06.660  16 48.134 
15 26 14.1717 -04 08 40.529 15 03 38.6122 -03 04 14.153  16 48.430 
14 55 58.6728 -08 54 29.119 14 33 17.1137 -07 43 14.952  16 48.736 
14 50 48.5496 -05 27 39.122 14 28 16.6466 -04 06 12.860  16 49.034 
14 23 32.6001 -06 54 14.106 14 01 01.5915 -05 27 29.222  16 49.349 
14 08 27.0053 -10 17 55.906 13 45 52.0854 -08 56 30.803  16 49.635 
14 05 23.7053 -03 11 02.998 13 43 05.4182 -01 40 25.888  16 51.036 
13 45 44.3515 -04 13 48.279 13 23 26.6910 -02 39 53.937  16 52.370 
13 25 17.1835 +01 07 13.280 13 03 12.7745 +02 44 45.301  16 52.673 
13 20 34.7834 +09 48 00.537 12 58 39.4721 +11 26 04.184  16 53.004 
13 40 06.0918 +11 21 33.126 13 18 09.9310 +12 56 33.571  16 53.305 
14 03 04.6226 +06 16 12.495 13 40 59.0683 +07 47 22.413  16 53.598 
14 30 21.8621 -00 11 42.407 14 08 02.7387 +01 14 30.585  16 53.917 
14 57 20.3720 +04 26 03.030 14 35 05.6041 +05 47 05.534  16 54.229 
15 34 38.2401 -13 50 41.493 15 11 39.1147 -12 46 25.039  16 54.616 
16 12 14.0641 -08 57 30.833 15 49 26.3539 -07 52 29.424  16 57.129 
16 40 00.8249 -04 52 16.847 16 17 21.5259 -03 53 32.085  16 57.437 
16 31 16.2019 +16 11 58.193 16 09 18.4716 +17 11 31.624  16 58.620 
16 03 21.5291 +20 38 47.080 15 41 35.2918 +21 44 22.052  16 58.943 
15 55 39.3261 +27 54 58.365 15 34 09.8210 +29 01 35.705  16 59.291 
15 25 21.6122 +25 34 58.626 15 03 45.7014 +26 48 50.006  16 59.609 
15 15 59.5889 +32 51 23.428 14 54 40.2428 +34 06 43.518  16 59.942 
12 53 13.3448 +13 07 40.899 12 31 22.0232 +14 49 45.966  17  0.478 
15 28 33.6819 +36 56 59.837 15 07 26.0329 +38 09 37.170  17  1.000 
20 01 47.8078 +76 22 12.377 07 57 13.0809 +105 17 47.441  17  1.920 
20 00 27.8053 +69 21 03.130 07 50 40.6999 +112 18 10.893  17  2.265 
19 40 10.1932 +64 13 03.789 07 28 43.0854 +117 23 00.312  17  2.596 
18 38 49.2831 +69 22 48.518 06 31 15.4751 +112 04 08.995  17  2.983 
18 19 50.4654 +60 29 24.445 06 08 35.5795 +120 53 06.478  17  3.339 
18 57 24.8252 +54 19 50.747 06 44 00.3517 +127 09 11.936  17  3.706 
18 58 07.4661 +47 10 32.240 06 43 20.6650 +134 18 08.543  17  4.047 
19 16 45.3152 +38 28 55.024 07 00 34.4674 +143 02 17.719  17  4.401 
19 24 22.4741 +32 28 45.742 07 07 29.2606 +149 02 56.751  17  4.735 
18 51 35.1958 +30 09 53.313 06 34 42.4969 +151 15 41.523  17  5.081 
18 44 45.9024 +24 18 43.801 06 27 22.4631 +157 05 33.848  17  7.094 
18 56 06.3145 +21 32 28.268 06 38 26.9837 +159 53 10.939  17  7.397 
19 18 06.9253 +24 56 32.116 07 00 36.6353 +156 33 17.982  17  7.722 
19 58 00.1534 +23 55 00.274 07 40 09.7951 +157 40 54.714  17  8.079 
20 10 24.5008 +30 26 35.227 07 52 58.4268 +151 11 05.662  17  8.425 
20 42 59.3698 +28 33 08.796 08 25 06.9817 +153 08 49.459  17  8.797 
21 07 15.0448 +35 31 29.912 08 49 36.8278 +146 12 27.878  17  9.134 
20 33 46.6706 +37 49 39.561 08 16 44.5894 +143 50 59.341  17  9.463 
20 06 16.3815 +38 32 36.767 07 49 37.6453 +143 05 15.299  17  9.838 
20 14 04.6282 +48 48 10.880 07 58 37.0641 +132 51 01.789  17 10.190 
20 53 14.3618 +45 42 44.670 08 36 46.7378 +136 00 40.791  17 10.553 
20 52 07.4348 +53 15 19.459 08 36 41.2433 +128 28 17.409  17 10.968 
20 01 01.9245 +55 49 33.854 07 47 02.9550 +125 48 26.566  17 11.399 
21 16 16.8230 +62 13 09.895 09 02 02.8951 +119 32 54.670  17 11.815 
21 49 52.4103 +56 01 21.546 09 33 35.3612 +125 46 25.473  17 16.944 
22 24 18.6562 +52 06 55.495 10 06 56.4569 +129 41 20.764  17 17.303 
22 04 53.4510 +47 45 04.420 09 47 30.1671 +134 02 22.670  17 17.656 
22 34 00.2394 +42 04 30.527 10 15 39.1686 +139 43 23.083  17 18.014 
22 08 32.0630 +37 32 06.686 09 50 18.1383 +144 15 14.075  17 18.339 
21 51 15.8006 +38 58 34.222 09 33 22.7252 +142 47 46.982  17 18.727 
22 08 05.0383 +27 06 17.313 09 49 11.4245 +154 40 29.024  17 19.078 
21 34 10.5841 +21 24 01.669 09 15 22.3413 +160 20 36.912  17 19.407 
21 07 01.1797 +18 18 06.875 08 48 18.6049 +163 24 35.984  17 19.714 
20 54 03.5923 +19 14 28.923 08 35 30.2969 +162 26 33.187  17 20.022 
20 49 03.8670 +11 56 05.758 08 30 07.0389 +169 44 24.434  17 20.340 
20 24 31.3677 +15 04 35.625 08 05 56.2967 +166 32 42.599  17 20.791 
20 00 11.3499 +16 01 48.531 07 41 48.5309 +165 32 23.448  17 21.096 
19 32 15.6872 +13 13 22.008 07 13 48.8266 +168 16 13.760  17 21.401 
19 06 07.1044 +11 21 05.974 06 47 38.5001 +170 03 08.080  17 21.730 
19 01 12.2071 +08 55 32.725 06 42 33.9852 +172 27 36.260  17 22.026 
18 47 52.5803 +00 35 39.803 06 28 34.7715 -179 12 57.233  17 22.356 
18 55 06.0057 -08 31 54.375 06 35 04.8794 -170 04 54.486  17 22.746 
19 15 24.7503 -07 51 12.879 06 55 24.4806 -170 41 19.158  17 23.052 
19 22 24.8593 -04 31 22.653 07 02 38.8988 -174 00 08.566  17 23.347 
19 37 50.9750 -06 35 25.337 07 17 52.4271 -171 53 10.528  17 23.660 
20 07 46.8110 -10 36 32.500 07 47 26.0970 -167 47 57.444  17 25.259 
20 33 00.2095 -07 46 17.987 08 12 47.8109 -170 34 33.371  17 25.582 
20 24 16.0419 -04 48 45.457 08 04 16.5024 -173 33 50.216  17 25.865 
20 41 56.6582 +01 29 50.443 08 22 20.8872 -179 50 54.030  17 26.189 
20 59 35.7785 -02 29 34.298 08 39 40.3619 -175 49 13.107  17 26.501 
20 02 22.5796 +07 37 02.103 07 43 26.6728 +173 56 11.330  17 26.852 
19 39 24.8179 +03 20 58.232 07 20 15.8478 +178 09 14.791  17 27.201 
18 26 44.9298 +09 26 21.421 06 08 12.5935 +171 50 21.010  17 27.575 
17 55 28.6737 +10 42 10.632 05 37 03.6543 +170 28 19.044  17 27.899 
17 54 49.4268 +16 00 30.852 05 36 53.8961 +165 08 57.754  17 28.203 
17 38 50.4876 +11 05 04.307 17 16 39.2648 +11 57 22.858  17 29.694 
17 35 30.9684 +18 26 52.848 17 13 34.9498 +19 19 28.151  17 30.410 
17 39 14.8777 +07 25 43.174 17 16 54.8875 +08 18 18.703  17 31.312 
17 49 56.6814 -04 30 04.472 17 27 13.3853 -03 47 53.728  17 31.718 
18 18 28.2757 +01 21 05.368 05 59 13.1680 +179 53 20.912  17 33.613 
18 44 26.5930 +21 10 20.322 06 26 56.1895 +160 07 48.350  17 39.762 
22 58 34.1327 +64 36 31.976 10 42 37.0377 +117 13 16.048  17 40.411 
23 15 31.3530 +59 23 23.395 10 58 14.6139 +122 25 57.211  17 40.741 
00 19 02.7400 +57 03 31.266 11 59 32.6376 +124 42 43.999  17 41.195 
23 53 57.5968 +52 21 03.610 11 34 52.1131 +129 26 44.970  17 41.615 
23 40 14.0214 +42 29 49.488 11 20 55.5630 +139 18 13.687  17 41.971 
00 24 41.7371 +66 02 17.248 12 05 41.7396 +115 44 02.468  17 42.391 
00 53 35.7234 +65 45 52.068 12 33 26.1377 +115 57 40.662  17 42.719 
00 50 48.6764 +72 38 45.316 12 31 20.6720 +109 05 07.607  17 43.091 
23 31 40.9461 +72 39 40.930 11 16 20.2381 +109 09 25.414  17 43.488 
01 28 15.2098 +80 14 09.127 13 07 26.7312 +101 25 56.804  17 43.948 
